name: vm
channels:
  - vmtk
  - conda-forge
  - defaults
dependencies:
  - backcall=0.2.0=pyh9f0ad1d_0
  - backports=1.0=pyhd8ed1ab_3
  - backports.functools_lru_cache=1.6.5=pyhd8ed1ab_0
  - colorama=0.4.5=pyhd8ed1ab_0
  - entrypoints=0.4=pyhd8ed1ab_0
  - freetype=2.12.1=hdaf720e_2
  - future=0.18.2=py36ha15d459_3
  - h5py=2.9.0=nompi_py36h3cb27cb_1102
  - hdf5=1.10.4=nompi_hcc15c50_1106
  - intel-openmp=2023.2.0=h57928b3_50497
  - ipykernel=5.5.5=py36hfacbf0b_0
  - ipython=7.16.1=py36h7b2dad6_2
  - ipython_genutils=0.2.0=py_1
  - itk=4.13.0=vc14hc3ccb2e_1
  - jedi=0.17.2=py36ha15d459_1
  - jpeg=9e=hcfcfb64_3
  - jupyter_client=7.1.2=pyhd8ed1ab_0
  - jupyter_core=4.8.1=py36ha15d459_0
  - lcms2=2.12=h2a16943_0
  - lerc=3.0=h0e60522_0
  - libblas=3.9.0=20_win64_mkl
  - libcblas=3.9.0=20_win64_mkl
  - libdeflate=1.10=h8ffe710_0
  - libhwloc=2.9.3=default_haede6df_1009
  - libiconv=1.17=hcfcfb64_1
  - liblapack=3.9.0=20_win64_mkl
  - libpng=1.6.39=h19919ed_0
  - libsodium=1.0.18=h8d14728_1
  - libtiff=4.3.0=hc4061b1_4
  - libxml2=2.11.6=hc3477c8_0
  - libzlib=1.2.13=hcfcfb64_5
  - mkl=2023.2.0=h6a75c08_50497
  - nest-asyncio=1.5.8=pyhd8ed1ab_0
  - olefile=0.46=pyh9f0ad1d_1
  - openjpeg=2.5.0=hb211442_0
  - parso=0.7.1=pyh9f0ad1d_0
  - pickleshare=0.7.5=py_1003
  - pillow=8.3.2=py36h10c25d6_0
  - pip=21.3.1=pyhd8ed1ab_0
  - prompt-toolkit=3.0.36=pyha770c72_0
  - pthreads-win32=2.9.1=hfa6e2cd_3
  - pygments=2.14.0=pyhd8ed1ab_0
  - pyreadline=2.1=py36ha15d459_1004
  - python=3.6.4=0
  - python-dateutil=2.8.2=pyhd8ed1ab_0
  - python_abi=3.6=2_cp36m
  - pywin32=301=py36h68aa20f_0
  - pyzmq=22.3.0=py36h1d5d788_0
  - setuptools=58.0.4=py36ha15d459_2
  - six=1.16.0=pyh6c4a22f_0
  - tbb=2021.11.0=h91493d7_0
  - tk=8.6.13=h5226925_1
  - tornado=6.1=py36h68aa20f_1
  - traitlets=4.3.3=pyhd8ed1ab_2
  - ucrt=10.0.22621.0=h57928b3_0
  - vc=14.3=hcf57466_18
  - vc14_runtime=14.38.33130=h82b7239_18
  - vmtk=1.4.0=py36_vc14hc29f2d6_1
  - vs2015_runtime=14.38.33130=hcb4865c_18
  - wcwidth=0.2.10=pyhd8ed1ab_0
  - wheel=0.37.1=pyhd8ed1ab_0
  - xz=5.2.6=h8d14728_0
  - zeromq=4.3.4=h0e60522_1
  - zlib=1.2.13=hcfcfb64_5
  - zstd=1.5.5=h12be248_0
  - pip:
      - aiohttp==3.8.6
      - aiosignal==1.2.0
      - async-timeout==4.0.2
      - asynctest==0.13.0
      - attrs==22.2.0
      - autobahn==21.2.1
      - automat==22.10.0
      - cffi==1.15.1
      - charset-normalizer==3.0.1
      - constantly==15.1.0
      - cryptography==40.0.2
      - cycler==0.11.0
      - decorator==4.4.2
      - deprecated==1.2.14
      - frozenlist==1.2.0
      - hyperlink==21.0.0
      - idna==3.6
      - idna-ssl==1.1.0
      - incremental==22.10.0
      - kiwisolver==1.3.1
      - matplotlib==3.3.4
      - multidict==5.2.0
      - networkx==2.5.1
      - numpy==1.19.5
      - pycparser==2.21
      - pyparsing==3.0.7
      - scipy==1.5.4
      - twisted==21.2.0
      - twisted-iocpsupport==1.0.4
      - txaio==22.2.1
      - typing-extensions==4.1.1
      - vedo==2022.2.3
      - vtk==9.0.3
      - wrapt==1.16.0
      - wslink==1.12.4
      - yarl==1.7.2
      - zope-interface==5.5.2
